12
14
14
13
13
15
16
16
20
20
20
19
19
16
10
8
7
5
5
5
3
3
2
2
1
2
2
2
0
0
0
0
0
0
4
8
19
23
23
23
23
20
15
12
10
6
4
0
0
3
0
0
0
0
0
4
5
0
4
4
2
2
0
0
2
2
7
6
9
8
9
9
7
3
0
0
0
0
0
0
0
0
0
0
0
0
0
0
0
0
0
5
3
0
0
0
0
0
0
0
0
0
2
0
0
0
0
0
0
0
0
0
0
0
3
1
0
0
0
0
0
0
0
0
0
0
0
0
0
0
0
0
0
0
0
0
0
0
0
0
0
0
0
0
0
0
0
0
0
0
0
0
0
0
0
0
0
0
0
0
0
0
0
0
0
0
0
0
0
0
0
0
0
0
0
0
0
0
0
0
0
0
0
0
0
0
0
0
0
0
0
0
0
0
0
0
0
0
0
0
0
0
0
0
0
0
0
0
0
0
0
0
0
0
0
0
0
0
0
0
0
0
0
0
0
0
0
0
0
0
0
0
0
0
0
0
0
0
0
0
0
0
0
0
0
0
0
0
0
0
0
0
0
0
0
0
0
0
0
0
0
0
0
0
0
0
0
0
0
0
0
0
0
0
1
2
0
0
0
0
0
0
0
0
0
0
0
0
0
0
0
0
0
0
0
0
0
0
0
0
0
0
0
0
2
1
8
11
10
10
9
7
7
8
7
0
5
5
5
5
9
10
7
5
5
4
4
2
2
1
1
0
0
0
0
0
0
0
0
0
0
0
0
0
0
0
0
0
0
0
0
0
0
15
16
15
15
11
12
8
7
9
11
12
19
18
17
16
14
10
6
6
6
5
5
7
7
7
7
11
11
10
6
6
5
5
5
3
3
3
3
3
5
3
3
3
4
4
4
10
14
14
14
23
31
31
23
24
20
10
17
12
12
16
16
14
10
9
8
7
5
4
3
3
3
6
19
20
20
16
16
15
14
10
9
9
8
8
6
13
12
13
17
10
10
10
12
9
8
8
6
4
0
0
4
4
4
4
4
1
1
1
7
7
7
3
0
2
0
0
1
4
0
0
0
0
0
0
0
0
0
0
0
0
0
0
0
0
0
0
0
0
0
0
0
0
0
0
0
0
0
0
0
0
0
0
0
0
0
0
0
0
0
0
0
0
0
0
0
0
0
0
0
0
0
0
0
0
0
0
0
0
0
0
0
0
0
0
0
0
0
0
0
0
0
0
0
0
0
0
0
0
0
0
0
0
0
0
0
0
0
0
0
0
0
0
0
0
0
0
0
0
0
0
0
0
0
0
0
0
0
0
0
0
0
0
0
0
0
0
0
0
0
0
0
0
0
0
0
0
0
0
0
0
0
0
0
0
0
0
0
0
0
0
0
0
0
0
0
0
0
0
0
0
0
0
0
0
0
0
0
0
0
0
0
0
0
0
0
17
30
16
9
6
0
2
3
5
4
3
0
0
0
0
0
0
0
0
0
0
0
0
0
